              precision    recall  f1-score   support

           0       0.29      0.20      0.24        10
           1       0.67      0.80      0.73        10
           2       0.36      0.50      0.42        10
           3       0.44      0.40      0.42        10
           4       0.43      0.60      0.50        10
           5       0.43      0.60      0.50        10
           6       0.44      0.40      0.42        10
           7       0.33      0.20      0.25        10
           8       0.56      0.50      0.53        10
           9       0.50      0.30      0.38        10

    accuracy                           0.45       100
   macro avg       0.44      0.45      0.44       100
weighted avg       0.44      0.45      0.44       100
