              precision    recall  f1-score   support

           0       0.30      0.30      0.30        10
           1       0.69      0.90      0.78        10
           2       0.36      0.50      0.42        10
           3       0.38      0.30      0.33        10
           4       0.50      0.30      0.38        10
           5       0.50      0.50      0.50        10
           6       0.60      0.30      0.40        10
           7       0.27      0.30      0.29        10
           8       0.40      0.60      0.48        10
           9       0.25      0.20      0.22        10

    accuracy                           0.42       100
   macro avg       0.42      0.42      0.41       100
weighted avg       0.42      0.42      0.41       100
